o1:1
0.00000	0.00001	0.09063	0.90936
0.00000	0.00000	0.04758	0.95242
0.00000	0.00000	0.00000	1.00000
0.00000	0.00001	0.04758	0.95241
0.25000	0.25000	0.25000	0.25000

o2:1
0.90936	0.09063	0.00001	0.00000
0.95242	0.04758	0.00000	0.00000
1.00000	0.00000	0.00000	0.00000
0.95241	0.04758	0.00001	0.00000
0.25000	0.25000	0.25000	0.25000

o3:1
0.00001	0.00000	0.90732	0.09268
0.00000	0.00000	0.95016	0.04984
0.00000	0.00250	0.99750	0.00000
0.00001	0.00001	0.95015	0.04983
0.25000	0.25000	0.25000	0.25000

